Stochastic Gradient, batch size= 1 / 10000
  iter   |   fval   |  normit 
       0 | 6.93e-01 | 7.92e-01
   10000 | 7.29e-01 | 1.63e+00
   20000 | 7.20e-01 | 1.48e+00
   30000 | 7.13e-01 | 1.35e+00
   40000 | 6.98e-01 | 9.63e-01
   50000 | 6.88e-01 | 5.95e-01
   60000 | 6.91e-01 | 6.43e-01
   70000 | 6.90e-01 | 6.61e-01
   80000 | 7.37e-01 | 1.79e+00
   90000 | 7.20e-01 | 1.49e+00
  100000 | 7.00e-01 | 1.01e+00
  110000 | 7.38e-01 | 1.80e+00
  120000 | 6.91e-01 | 7.06e-01
  130000 | 7.49e-01 | 1.94e+00
  140000 | 7.04e-01 | 1.13e+00
  150000 | 8.02e-01 | 2.66e+00
  160000 | 6.85e-01 | 3.63e-01
  170000 | 7.03e-01 | 1.09e+00
  180000 | 7.02e-01 | 1.06e+00
  190000 | 7.12e-01 | 1.31e+00
  200000 | 6.94e-01 | 7.53e-01
  210000 | 7.19e-01 | 1.46e+00
  220000 | 7.07e-01 | 1.20e+00
  230000 | 7.03e-01 | 1.11e+00
  240000 | 7.05e-01 | 1.12e+00
  250000 | 4.34e+00 | 1.50e+01
  260000 | 6.94e-01 | 8.04e-01
  270000 | 6.89e-01 | 6.00e-01
  280000 | 7.16e-01 | 1.40e+00
  290000 | 7.01e-01 | 1.02e+00
  300000 | 7.82e-01 | 2.44e+00
  310000 | 6.85e-01 | 3.89e-01
  320000 | 7.33e-01 | 1.73e+00
  330000 | 7.90e-01 | 2.47e+00
  340000 | 7.11e-01 | 1.30e+00
  350000 | 7.09e-01 | 1.24e+00
  360000 | 7.24e-01 | 1.57e+00
  370000 | 7.31e-01 | 1.69e+00
  380000 | 7.13e-01 | 1.33e+00
  390000 | 7.23e-01 | 1.55e+00
  400000 | 6.97e-01 | 9.26e-01
  410000 | 6.89e-01 | 6.18e-01
  420000 | 7.33e-01 | 1.73e+00
  430000 | 7.36e-01 | 1.76e+00
  440000 | 6.86e-01 | 4.57e-01
  450000 | 7.05e-01 | 1.14e+00
  460000 | 7.00e-01 | 9.71e-01
  470000 | 7.08e-01 | 1.20e+00
  480000 | 6.97e-01 | 9.23e-01
  490000 | 7.06e-01 | 1.17e+00
  500000 | 7.06e-01 | 1.18e+00
  510000 | 7.09e-01 | 1.26e+00
  520000 | 6.95e-01 | 8.39e-01
  530000 | 7.18e-01 | 1.43e+00
  540000 | 7.27e-01 | 1.64e+00
  550000 | 6.96e-01 | 8.22e-01
  560000 | 7.00e-01 | 9.82e-01
  570000 | 8.64e-01 | 3.26e+00
  580000 | 7.00e-01 | 1.03e+00
  590000 | 7.20e-01 | 1.48e+00
  600000 | 6.97e-01 | 9.17e-01
Stochastic Gradient, batch size= 1 / 10000
  iter   |   fval   |  normit 
       0 | 6.93e-01 | 7.92e-01
   10000 | 6.85e-01 | 3.65e-01
   20000 | 6.88e-01 | 5.45e-01
   30000 | 6.84e-01 | 2.92e-01
   40000 | 6.87e-01 | 5.12e-01
   50000 | 6.88e-01 | 5.41e-01
   60000 | 6.82e-01 | 1.36e-01
   70000 | 6.87e-01 | 5.18e-01
   80000 | 6.87e-01 | 5.10e-01
   90000 | 6.83e-01 | 2.15e-01
  100000 | 6.84e-01 | 2.48e-01
  110000 | 6.90e-01 | 6.87e-01
  120000 | 8.42e-01 | 3.05e+00
  130000 | 6.84e-01 | 3.42e-01
  140000 | 6.83e-01 | 1.69e-01
  150000 | 6.84e-01 | 3.08e-01
  160000 | 6.84e-01 | 3.20e-01
  170000 | 6.84e-01 | 2.85e-01
  180000 | 6.84e-01 | 3.08e-01
  190000 | 6.88e-01 | 5.81e-01
  200000 | 6.84e-01 | 3.17e-01
  210000 | 6.84e-01 | 3.12e-01
  220000 | 6.86e-01 | 4.79e-01
  230000 | 6.85e-01 | 3.39e-01
  240000 | 6.84e-01 | 3.57e-01
  250000 | 6.91e-01 | 6.65e-01
  260000 | 6.85e-01 | 3.57e-01
  270000 | 6.91e-01 | 6.61e-01
  280000 | 7.44e-01 | 1.85e+00
  290000 | 6.83e-01 | 1.61e-01
  300000 | 6.89e-01 | 6.23e-01
  310000 | 6.83e-01 | 1.89e-01
  320000 | 6.88e-01 | 5.81e-01
  330000 | 6.84e-01 | 3.04e-01
  340000 | 6.84e-01 | 3.32e-01
  350000 | 6.85e-01 | 3.99e-01
  360000 | 6.84e-01 | 3.18e-01
  370000 | 6.83e-01 | 2.31e-01
  380000 | 6.85e-01 | 3.95e-01
  390000 | 6.83e-01 | 2.46e-01
  400000 | 6.86e-01 | 4.30e-01
  410000 | 7.54e-01 | 2.00e+00
  420000 | 6.83e-01 | 1.61e-01
  430000 | 6.83e-01 | 2.56e-01
  440000 | 6.89e-01 | 6.24e-01
  450000 | 6.83e-01 | 2.34e-01
  460000 | 6.84e-01 | 3.15e-01
  470000 | 6.84e-01 | 3.33e-01
  480000 | 6.83e-01 | 2.31e-01
  490000 | 7.49e-01 | 1.93e+00
  500000 | 6.86e-01 | 4.39e-01
  510000 | 6.84e-01 | 3.09e-01
  520000 | 6.84e-01 | 3.50e-01
  530000 | 6.84e-01 | 2.77e-01
  540000 | 6.84e-01 | 2.83e-01
  550000 | 6.87e-01 | 5.47e-01
  560000 | 6.83e-01 | 2.36e-01
  570000 | 6.85e-01 | 4.04e-01
  580000 | 6.82e-01 | 1.33e-01
  590000 | 6.87e-01 | 5.21e-01
  600000 | 6.87e-01 | 5.09e-01
Stochastic Gradient, batch size= 1 / 10000
  iter   |   fval   |  normit 
       0 | 6.93e-01 | 7.92e-01
   10000 | 6.82e-01 | 1.27e-01
   20000 | 6.83e-01 | 1.46e-01
   30000 | 6.83e-01 | 1.69e-01
   40000 | 6.83e-01 | 1.42e-01
   50000 | 6.83e-01 | 1.35e-01
   60000 | 6.82e-01 | 1.26e-01
   70000 | 6.82e-01 | 1.07e-01
   80000 | 6.82e-01 | 1.06e-01
   90000 | 6.82e-01 | 1.20e-01
  100000 | 6.82e-01 | 1.28e-01
  110000 | 6.82e-01 | 1.18e-01
  120000 | 6.82e-01 | 8.46e-02
  130000 | 6.82e-01 | 1.42e-01
  140000 | 6.83e-01 | 1.77e-01
  150000 | 6.83e-01 | 1.68e-01
  160000 | 6.82e-01 | 1.32e-01
  170000 | 6.83e-01 | 2.15e-01
  180000 | 6.82e-01 | 1.17e-01
  190000 | 6.82e-01 | 1.31e-01
  200000 | 6.83e-01 | 2.10e-01
  210000 | 6.83e-01 | 1.79e-01
  220000 | 6.82e-01 | 1.53e-01
  230000 | 6.83e-01 | 2.42e-01
  240000 | 6.83e-01 | 1.52e-01
  250000 | 6.83e-01 | 1.97e-01
  260000 | 6.82e-01 | 6.49e-02
  270000 | 6.82e-01 | 1.31e-01
  280000 | 6.82e-01 | 8.00e-02
  290000 | 6.83e-01 | 1.98e-01
  300000 | 6.83e-01 | 2.25e-01
  310000 | 6.83e-01 | 2.62e-01
  320000 | 6.82e-01 | 9.73e-02
  330000 | 6.82e-01 | 1.32e-01
  340000 | 6.82e-01 | 9.83e-02
  350000 | 6.83e-01 | 1.72e-01
  360000 | 6.82e-01 | 1.40e-01
  370000 | 6.84e-01 | 2.65e-01
  380000 | 6.83e-01 | 1.94e-01
  390000 | 6.82e-01 | 1.21e-01
  400000 | 6.82e-01 | 8.62e-02
  410000 | 6.83e-01 | 2.21e-01
  420000 | 6.82e-01 | 6.84e-02
  430000 | 6.82e-01 | 8.23e-02
  440000 | 6.83e-01 | 1.86e-01
  450000 | 6.84e-01 | 2.75e-01
  460000 | 6.83e-01 | 2.04e-01
  470000 | 6.83e-01 | 2.03e-01
  480000 | 6.83e-01 | 1.95e-01
  490000 | 6.83e-01 | 1.69e-01
  500000 | 6.82e-01 | 9.88e-02
  510000 | 6.82e-01 | 8.70e-02
  520000 | 6.83e-01 | 2.06e-01
  530000 | 6.82e-01 | 8.50e-02
  540000 | 6.82e-01 | 1.14e-01
  550000 | 6.82e-01 | 1.22e-01
  560000 | 6.83e-01 | 2.01e-01
  570000 | 6.84e-01 | 2.73e-01
  580000 | 6.83e-01 | 2.13e-01
  590000 | 6.84e-01 | 2.83e-01
  600000 | 6.82e-01 | 1.20e-01
Stochastic Gradient, batch size= 1 / 10000
  iter   |   fval   |  normit 
       0 | 6.93e-01 | 7.92e-01
   10000 | 6.82e-01 | 3.25e-02
   20000 | 6.82e-01 | 3.50e-02
   30000 | 6.82e-01 | 4.70e-02
   40000 | 6.82e-01 | 4.66e-02
   50000 | 6.82e-01 | 3.05e-02
   60000 | 6.82e-01 | 6.10e-02
   70000 | 6.82e-01 | 4.93e-02
   80000 | 6.82e-01 | 4.82e-02
   90000 | 6.82e-01 | 3.83e-02
  100000 | 6.82e-01 | 5.84e-02
  110000 | 6.82e-01 | 5.28e-02
  120000 | 6.82e-01 | 7.71e-02
  130000 | 6.82e-01 | 4.07e-02
  140000 | 6.82e-01 | 2.07e-02
  150000 | 6.82e-01 | 4.69e-02
  160000 | 6.82e-01 | 4.58e-02
  170000 | 6.82e-01 | 3.61e-02
  180000 | 6.82e-01 | 4.17e-02
  190000 | 6.82e-01 | 3.30e-02
  200000 | 6.82e-01 | 7.61e-02
  210000 | 6.82e-01 | 4.70e-02
  220000 | 6.82e-01 | 4.53e-02
  230000 | 6.82e-01 | 4.71e-02
  240000 | 6.82e-01 | 3.05e-02
  250000 | 6.82e-01 | 8.04e-02
  260000 | 6.82e-01 | 3.16e-02
  270000 | 6.82e-01 | 3.31e-02
  280000 | 6.82e-01 | 6.00e-02
  290000 | 6.82e-01 | 4.87e-02
  300000 | 6.82e-01 | 3.30e-02
  310000 | 6.82e-01 | 8.28e-02
  320000 | 6.82e-01 | 5.10e-02
  330000 | 6.82e-01 | 3.87e-02
  340000 | 6.82e-01 | 1.34e-02
  350000 | 6.82e-01 | 3.54e-02
  360000 | 6.82e-01 | 6.62e-02
  370000 | 6.82e-01 | 4.62e-02
  380000 | 6.82e-01 | 5.06e-02
  390000 | 6.82e-01 | 3.88e-02
  400000 | 6.82e-01 | 4.89e-02
  410000 | 6.82e-01 | 6.63e-02
  420000 | 6.82e-01 | 1.97e-02
  430000 | 6.82e-01 | 4.34e-02
  440000 | 6.82e-01 | 6.74e-02
  450000 | 6.82e-01 | 5.10e-02
  460000 | 6.82e-01 | 2.66e-02
  470000 | 6.82e-01 | 5.08e-02
  480000 | 6.82e-01 | 4.52e-02
  490000 | 6.82e-01 | 4.59e-02
  500000 | 6.82e-01 | 3.09e-02
  510000 | 6.82e-01 | 3.98e-02
  520000 | 6.82e-01 | 2.58e-02
  530000 | 6.82e-01 | 4.76e-02
  540000 | 6.82e-01 | 3.14e-02
  550000 | 6.82e-01 | 3.59e-02
  560000 | 6.82e-01 | 1.05e-01
  570000 | 6.82e-01 | 1.98e-02
  580000 | 6.82e-01 | 5.16e-02
  590000 | 6.82e-01 | 4.66e-02
  600000 | 6.82e-01 | 3.15e-02
Stochastic Gradient, batch size= 1 / 10000
  iter   |   fval   |  normit 
       0 | 6.93e-01 | 7.92e-01
   10000 | 6.85e-01 | 4.41e-01
   20000 | 6.83e-01 | 2.44e-01
   30000 | 6.82e-01 | 1.36e-01
   40000 | 6.82e-01 | 7.29e-02
   50000 | 6.82e-01 | 3.78e-02
   60000 | 6.82e-01 | 1.51e-02
   70000 | 6.82e-01 | 1.90e-02
   80000 | 6.82e-01 | 1.79e-02
   90000 | 6.82e-01 | 1.89e-02
  100000 | 6.82e-01 | 1.29e-02
  110000 | 6.82e-01 | 7.74e-03
  120000 | 6.82e-01 | 1.81e-02
  130000 | 6.82e-01 | 1.94e-02
  140000 | 6.82e-01 | 6.30e-03
  150000 | 6.82e-01 | 1.10e-02
  160000 | 6.82e-01 | 1.74e-02
  170000 | 6.82e-01 | 2.17e-02
  180000 | 6.82e-01 | 2.31e-02
  190000 | 6.82e-01 | 1.03e-02
  200000 | 6.82e-01 | 2.14e-02
  210000 | 6.82e-01 | 9.72e-03
  220000 | 6.82e-01 | 1.67e-02
  230000 | 6.82e-01 | 2.09e-02
  240000 | 6.82e-01 | 1.32e-02
  250000 | 6.82e-01 | 1.28e-02
  260000 | 6.82e-01 | 2.65e-02
  270000 | 6.82e-01 | 1.75e-02
  280000 | 6.82e-01 | 1.27e-02
  290000 | 6.82e-01 | 1.92e-02
  300000 | 6.82e-01 | 2.23e-02
  310000 | 6.82e-01 | 9.25e-03
  320000 | 6.82e-01 | 7.10e-03
  330000 | 6.82e-01 | 1.20e-02
  340000 | 6.82e-01 | 1.83e-02
  350000 | 6.82e-01 | 1.56e-02
  360000 | 6.82e-01 | 2.33e-02
  370000 | 6.82e-01 | 2.43e-02
  380000 | 6.82e-01 | 2.06e-02
  390000 | 6.82e-01 | 1.54e-02
  400000 | 6.82e-01 | 5.25e-03
  410000 | 6.82e-01 | 5.52e-03
  420000 | 6.82e-01 | 7.13e-03
  430000 | 6.82e-01 | 1.81e-02
  440000 | 6.82e-01 | 2.26e-02
  450000 | 6.82e-01 | 1.58e-02
  460000 | 6.82e-01 | 1.30e-02
  470000 | 6.82e-01 | 1.97e-02
  480000 | 6.82e-01 | 1.93e-02
  490000 | 6.82e-01 | 1.02e-02
  500000 | 6.82e-01 | 8.78e-03
  510000 | 6.82e-01 | 1.48e-02
  520000 | 6.82e-01 | 2.75e-02
  530000 | 6.82e-01 | 2.13e-02
  540000 | 6.82e-01 | 1.16e-02
  550000 | 6.82e-01 | 1.42e-02
  560000 | 6.82e-01 | 6.30e-03
  570000 | 6.82e-01 | 3.50e-03
  580000 | 6.82e-01 | 1.35e-02
  590000 | 6.82e-01 | 1.60e-02
  600000 | 6.82e-01 | 1.46e-02
