Stochastic Gradient, batch size= 1 / 1000
  iter   |   fval   |  normit 
       0 | 6.93e-01 | 8.05e-01
    1000 | 6.87e-01 | 5.44e-01
    2000 | 6.85e-01 | 4.58e-01
    3000 | 6.84e-01 | 3.93e-01
    4000 | 6.84e-01 | 3.57e-01
    5000 | 6.83e-01 | 3.23e-01
    6000 | 6.83e-01 | 2.92e-01
    7000 | 6.83e-01 | 2.67e-01
    8000 | 6.83e-01 | 2.44e-01
    9000 | 6.82e-01 | 2.17e-01
   10000 | 6.82e-01 | 2.03e-01
   11000 | 6.82e-01 | 1.97e-01
   12000 | 6.82e-01 | 1.79e-01
   13000 | 6.82e-01 | 1.67e-01
   14000 | 6.82e-01 | 1.54e-01
   15000 | 6.82e-01 | 1.40e-01
   16000 | 6.82e-01 | 1.31e-01
   17000 | 6.82e-01 | 1.23e-01
   18000 | 6.82e-01 | 1.17e-01
   19000 | 6.82e-01 | 1.12e-01
   20000 | 6.82e-01 | 1.06e-01
   21000 | 6.82e-01 | 1.03e-01
   22000 | 6.82e-01 | 9.76e-02
   23000 | 6.82e-01 | 9.33e-02
   24000 | 6.82e-01 | 8.60e-02
   25000 | 6.82e-01 | 8.18e-02
   26000 | 6.82e-01 | 7.56e-02
   27000 | 6.82e-01 | 7.35e-02
   28000 | 6.82e-01 | 6.95e-02
   29000 | 6.82e-01 | 6.51e-02
   30000 | 6.82e-01 | 6.21e-02
   31000 | 6.82e-01 | 6.06e-02
   32000 | 6.82e-01 | 5.78e-02
   33000 | 6.82e-01 | 5.33e-02
   34000 | 6.82e-01 | 5.09e-02
   35000 | 6.82e-01 | 4.95e-02
   36000 | 6.82e-01 | 4.81e-02
   37000 | 6.82e-01 | 4.71e-02
   38000 | 6.82e-01 | 4.46e-02
   39000 | 6.82e-01 | 4.28e-02
   40000 | 6.82e-01 | 4.30e-02
   41000 | 6.82e-01 | 4.18e-02
   42000 | 6.82e-01 | 3.96e-02
   43000 | 6.82e-01 | 3.86e-02
   44000 | 6.82e-01 | 3.73e-02
   45000 | 6.82e-01 | 3.49e-02
   46000 | 6.82e-01 | 3.30e-02
   47000 | 6.82e-01 | 3.07e-02
   48000 | 6.82e-01 | 2.93e-02
   49000 | 6.82e-01 | 2.77e-02
   50000 | 6.82e-01 | 2.74e-02
   51000 | 6.82e-01 | 2.71e-02
   52000 | 6.82e-01 | 2.69e-02
   53000 | 6.82e-01 | 2.73e-02
   54000 | 6.82e-01 | 2.79e-02
   55000 | 6.82e-01 | 2.56e-02
   56000 | 6.82e-01 | 2.39e-02
   57000 | 6.82e-01 | 2.58e-02
   58000 | 6.82e-01 | 2.59e-02
   59000 | 6.82e-01 | 2.37e-02
   60000 | 6.82e-01 | 2.32e-02
   61000 | 6.82e-01 | 2.07e-02
   62000 | 6.82e-01 | 2.00e-02
   63000 | 6.82e-01 | 2.06e-02
   64000 | 6.82e-01 | 2.18e-02
   65000 | 6.82e-01 | 2.06e-02
   66000 | 6.82e-01 | 2.31e-02
   67000 | 6.82e-01 | 2.29e-02
   68000 | 6.82e-01 | 2.18e-02
   69000 | 6.82e-01 | 2.25e-02
   70000 | 6.82e-01 | 2.08e-02
   71000 | 6.82e-01 | 1.91e-02
   72000 | 6.82e-01 | 2.04e-02
   73000 | 6.82e-01 | 1.86e-02
   74000 | 6.82e-01 | 1.66e-02
   75000 | 6.82e-01 | 1.41e-02
   76000 | 6.82e-01 | 1.33e-02
   77000 | 6.82e-01 | 1.29e-02
   78000 | 6.82e-01 | 1.32e-02
   79000 | 6.82e-01 | 1.36e-02
   80000 | 6.82e-01 | 1.47e-02
   81000 | 6.82e-01 | 1.64e-02
   82000 | 6.82e-01 | 1.70e-02
   83000 | 6.82e-01 | 1.84e-02
   84000 | 6.82e-01 | 1.74e-02
   85000 | 6.82e-01 | 1.58e-02
   86000 | 6.82e-01 | 1.58e-02
   87000 | 6.82e-01 | 1.52e-02
   88000 | 6.82e-01 | 1.58e-02
   89000 | 6.82e-01 | 1.58e-02
   90000 | 6.82e-01 | 1.51e-02
   91000 | 6.82e-01 | 1.52e-02
   92000 | 6.82e-01 | 1.42e-02
   93000 | 6.82e-01 | 1.35e-02
   94000 | 6.82e-01 | 1.19e-02
   95000 | 6.82e-01 | 1.22e-02
   96000 | 6.82e-01 | 1.20e-02
   97000 | 6.82e-01 | 1.23e-02
   98000 | 6.82e-01 | 1.26e-02
   99000 | 6.82e-01 | 1.24e-02
  100000 | 6.82e-01 | 1.34e-02
Stochastic Gradient, batch size= 100 / 1000
  iter   |   fval   |  normit 
       0 | 6.93e-01 | 8.05e-01
      10 | 6.92e-01 | 7.79e-01
      20 | 6.92e-01 | 7.65e-01
      30 | 6.92e-01 | 7.54e-01
      40 | 6.91e-01 | 7.44e-01
      50 | 6.91e-01 | 7.37e-01
      60 | 6.91e-01 | 7.28e-01
      70 | 6.91e-01 | 7.22e-01
      80 | 6.91e-01 | 7.15e-01
      90 | 6.91e-01 | 7.10e-01
     100 | 6.90e-01 | 7.05e-01
     110 | 6.90e-01 | 7.00e-01
     120 | 6.90e-01 | 6.95e-01
     130 | 6.90e-01 | 6.91e-01
     140 | 6.90e-01 | 6.87e-01
     150 | 6.90e-01 | 6.83e-01
     160 | 6.90e-01 | 6.79e-01
     170 | 6.90e-01 | 6.76e-01
     180 | 6.90e-01 | 6.72e-01
     190 | 6.89e-01 | 6.68e-01
     200 | 6.89e-01 | 6.65e-01
     210 | 6.89e-01 | 6.62e-01
     220 | 6.89e-01 | 6.58e-01
     230 | 6.89e-01 | 6.55e-01
     240 | 6.89e-01 | 6.52e-01
     250 | 6.89e-01 | 6.49e-01
     260 | 6.89e-01 | 6.46e-01
     270 | 6.89e-01 | 6.43e-01
     280 | 6.89e-01 | 6.40e-01
     290 | 6.89e-01 | 6.38e-01
     300 | 6.89e-01 | 6.35e-01
     310 | 6.89e-01 | 6.32e-01
     320 | 6.89e-01 | 6.30e-01
     330 | 6.89e-01 | 6.28e-01
     340 | 6.88e-01 | 6.25e-01
     350 | 6.88e-01 | 6.23e-01
     360 | 6.88e-01 | 6.20e-01
     370 | 6.88e-01 | 6.18e-01
     380 | 6.88e-01 | 6.16e-01
     390 | 6.88e-01 | 6.14e-01
     400 | 6.88e-01 | 6.12e-01
     410 | 6.88e-01 | 6.09e-01
     420 | 6.88e-01 | 6.07e-01
     430 | 6.88e-01 | 6.05e-01
     440 | 6.88e-01 | 6.03e-01
     450 | 6.88e-01 | 6.01e-01
     460 | 6.88e-01 | 5.99e-01
     470 | 6.88e-01 | 5.97e-01
     480 | 6.88e-01 | 5.95e-01
     490 | 6.88e-01 | 5.93e-01
     500 | 6.88e-01 | 5.91e-01
     510 | 6.88e-01 | 5.89e-01
     520 | 6.88e-01 | 5.87e-01
     530 | 6.88e-01 | 5.86e-01
     540 | 6.88e-01 | 5.84e-01
     550 | 6.88e-01 | 5.82e-01
     560 | 6.87e-01 | 5.80e-01
     570 | 6.87e-01 | 5.79e-01
     580 | 6.87e-01 | 5.77e-01
     590 | 6.87e-01 | 5.75e-01
     600 | 6.87e-01 | 5.73e-01
     610 | 6.87e-01 | 5.72e-01
     620 | 6.87e-01 | 5.70e-01
     630 | 6.87e-01 | 5.68e-01
     640 | 6.87e-01 | 5.67e-01
     650 | 6.87e-01 | 5.65e-01
     660 | 6.87e-01 | 5.64e-01
     670 | 6.87e-01 | 5.62e-01
     680 | 6.87e-01 | 5.60e-01
     690 | 6.87e-01 | 5.59e-01
     700 | 6.87e-01 | 5.57e-01
     710 | 6.87e-01 | 5.56e-01
     720 | 6.87e-01 | 5.54e-01
     730 | 6.87e-01 | 5.53e-01
     740 | 6.87e-01 | 5.51e-01
     750 | 6.87e-01 | 5.50e-01
     760 | 6.87e-01 | 5.48e-01
     770 | 6.87e-01 | 5.47e-01
     780 | 6.87e-01 | 5.46e-01
     790 | 6.87e-01 | 5.44e-01
     800 | 6.87e-01 | 5.43e-01
     810 | 6.87e-01 | 5.42e-01
     820 | 6.87e-01 | 5.40e-01
     830 | 6.87e-01 | 5.39e-01
     840 | 6.87e-01 | 5.38e-01
     850 | 6.87e-01 | 5.37e-01
     860 | 6.87e-01 | 5.35e-01
     870 | 6.87e-01 | 5.34e-01
     880 | 6.87e-01 | 5.33e-01
     890 | 6.86e-01 | 5.32e-01
     900 | 6.86e-01 | 5.31e-01
     910 | 6.86e-01 | 5.29e-01
     920 | 6.86e-01 | 5.28e-01
     930 | 6.86e-01 | 5.27e-01
     940 | 6.86e-01 | 5.25e-01
     950 | 6.86e-01 | 5.24e-01
     960 | 6.86e-01 | 5.23e-01
     970 | 6.86e-01 | 5.22e-01
     980 | 6.86e-01 | 5.21e-01
     990 | 6.86e-01 | 5.19e-01
    1000 | 6.86e-01 | 5.18e-01
Stochastic Gradient, batch size= 1 / 1000
  iter   |   fval   |  normit 
       0 | 6.93e-01 | 8.05e-01
    1000 | 6.93e-01 | 8.01e-01
    2000 | 6.93e-01 | 8.00e-01
    3000 | 6.93e-01 | 7.99e-01
    4000 | 6.93e-01 | 7.98e-01
    5000 | 6.93e-01 | 7.97e-01
    6000 | 6.93e-01 | 7.96e-01
    7000 | 6.93e-01 | 7.96e-01
    8000 | 6.93e-01 | 7.95e-01
    9000 | 6.93e-01 | 7.94e-01
   10000 | 6.93e-01 | 7.94e-01
   11000 | 6.93e-01 | 7.93e-01
   12000 | 6.93e-01 | 7.93e-01
   13000 | 6.93e-01 | 7.92e-01
   14000 | 6.93e-01 | 7.92e-01
   15000 | 6.93e-01 | 7.91e-01
   16000 | 6.93e-01 | 7.91e-01
   17000 | 6.93e-01 | 7.90e-01
   18000 | 6.93e-01 | 7.90e-01
   19000 | 6.93e-01 | 7.89e-01
   20000 | 6.93e-01 | 7.89e-01
   21000 | 6.93e-01 | 7.88e-01
   22000 | 6.93e-01 | 7.88e-01
   23000 | 6.93e-01 | 7.88e-01
   24000 | 6.93e-01 | 7.87e-01
   25000 | 6.93e-01 | 7.87e-01
   26000 | 6.93e-01 | 7.87e-01
   27000 | 6.93e-01 | 7.86e-01
   28000 | 6.93e-01 | 7.86e-01
   29000 | 6.93e-01 | 7.86e-01
   30000 | 6.93e-01 | 7.85e-01
   31000 | 6.93e-01 | 7.85e-01
   32000 | 6.93e-01 | 7.85e-01
   33000 | 6.93e-01 | 7.84e-01
   34000 | 6.93e-01 | 7.84e-01
   35000 | 6.93e-01 | 7.84e-01
   36000 | 6.93e-01 | 7.83e-01
   37000 | 6.93e-01 | 7.83e-01
   38000 | 6.93e-01 | 7.83e-01
   39000 | 6.92e-01 | 7.83e-01
   40000 | 6.92e-01 | 7.82e-01
   41000 | 6.92e-01 | 7.82e-01
   42000 | 6.92e-01 | 7.82e-01
   43000 | 6.92e-01 | 7.81e-01
   44000 | 6.92e-01 | 7.81e-01
   45000 | 6.92e-01 | 7.81e-01
   46000 | 6.92e-01 | 7.81e-01
   47000 | 6.92e-01 | 7.80e-01
   48000 | 6.92e-01 | 7.80e-01
   49000 | 6.92e-01 | 7.80e-01
   50000 | 6.92e-01 | 7.80e-01
   51000 | 6.92e-01 | 7.79e-01
   52000 | 6.92e-01 | 7.79e-01
   53000 | 6.92e-01 | 7.79e-01
   54000 | 6.92e-01 | 7.79e-01
   55000 | 6.92e-01 | 7.78e-01
   56000 | 6.92e-01 | 7.78e-01
   57000 | 6.92e-01 | 7.78e-01
   58000 | 6.92e-01 | 7.78e-01
   59000 | 6.92e-01 | 7.77e-01
   60000 | 6.92e-01 | 7.77e-01
   61000 | 6.92e-01 | 7.77e-01
   62000 | 6.92e-01 | 7.77e-01
   63000 | 6.92e-01 | 7.77e-01
   64000 | 6.92e-01 | 7.76e-01
   65000 | 6.92e-01 | 7.76e-01
   66000 | 6.92e-01 | 7.76e-01
   67000 | 6.92e-01 | 7.76e-01
   68000 | 6.92e-01 | 7.75e-01
   69000 | 6.92e-01 | 7.75e-01
   70000 | 6.92e-01 | 7.75e-01
   71000 | 6.92e-01 | 7.75e-01
   72000 | 6.92e-01 | 7.75e-01
   73000 | 6.92e-01 | 7.74e-01
   74000 | 6.92e-01 | 7.74e-01
   75000 | 6.92e-01 | 7.74e-01
   76000 | 6.92e-01 | 7.74e-01
   77000 | 6.92e-01 | 7.74e-01
   78000 | 6.92e-01 | 7.73e-01
   79000 | 6.92e-01 | 7.73e-01
   80000 | 6.92e-01 | 7.73e-01
   81000 | 6.92e-01 | 7.73e-01
   82000 | 6.92e-01 | 7.73e-01
   83000 | 6.92e-01 | 7.72e-01
   84000 | 6.92e-01 | 7.72e-01
   85000 | 6.92e-01 | 7.72e-01
   86000 | 6.92e-01 | 7.72e-01
   87000 | 6.92e-01 | 7.72e-01
   88000 | 6.92e-01 | 7.71e-01
   89000 | 6.92e-01 | 7.71e-01
   90000 | 6.92e-01 | 7.71e-01
   91000 | 6.92e-01 | 7.71e-01
   92000 | 6.92e-01 | 7.71e-01
   93000 | 6.92e-01 | 7.71e-01
   94000 | 6.92e-01 | 7.70e-01
   95000 | 6.92e-01 | 7.70e-01
   96000 | 6.92e-01 | 7.70e-01
   97000 | 6.92e-01 | 7.70e-01
   98000 | 6.92e-01 | 7.70e-01
   99000 | 6.92e-01 | 7.69e-01
  100000 | 6.92e-01 | 7.69e-01
